Model: LGBMClassifier (GridSearch)
Best Params: {'learning_rate': 0.05, 'max_depth': -1, 'n_estimators': 500, 'num_leaves': 127}
ROC-AUC: 0.9041627980626209
Accuracy: 0.8493424426394931
Precision: 0.8443840517389659
Recall: 0.8426390014143883
F1-score: 0.8435106240399188
Log Loss: 0.3835601817846483

